0 0.262222 0.233333 0.115556 0.324444
0 0.355556 0.217778 0.151111 0.195556
0 0.468889 0.080000 0.333333 0.142222
0 0.602222 0.413333 0.200000 0.346667
0 0.717778 0.364444 0.182222 0.248889
0 0.766667 0.455556 0.120000 0.226667
0 0.857778 0.153333 0.284444 0.111111
0 0.862222 0.344444 0.106667 0.306667
0 0.868889 0.600000 0.128889 0.151111
0 0.893333 0.688889 0.213333 0.168889
0 0.926667 0.422222 0.111111 0.275556
0 0.488889 0.737778 0.213333 0.257778
0 0.733333 0.655556 0.115556 0.244444
0 0.633333 0.742222 0.173333 0.204444
0 0.104444 0.353333 0.200000 0.182222
