0 0.799849 0.232935 0.085858 0.328145
0 0.695763 0.346652 0.086087 0.309692
0 0.556399 0.304112 0.144235 0.201554
0 0.615866 0.380971 0.151049 0.282724
0 0.473489 0.224376 0.053247 0.181492
0 0.436673 0.123617 0.069766 0.195507
0 0.285580 0.323408 0.089725 0.347934
0 0.217759 0.387877 0.087070 0.115062
0 0.296589 0.667395 0.157353 0.267762
0 0.100954 0.721682 0.196137 0.252411
0 0.240804 0.884300 0.138136 0.192266
0 0.533332 0.723306 0.091323 0.213896
0 0.645832 0.818776 0.049915 0.324649
0 0.682439 0.815692 0.156440 0.225257
0 0.354988 0.921354 0.135007 0.116474
0 0.417633 0.448434 0.076525 0.345582
0 0.400748 0.339746 0.079153 0.169434