0 0.275641 0.405579 0.141026 0.347639
0 0.200855 0.727468 0.230769 0.356223
0 0.147436 0.847639 0.183761 0.287554
0 0.341880 0.721030 0.239316 0.266094
0 0.478632 0.680258 0.170940 0.330472
0 0.638889 0.894850 0.235043 0.210300
0 0.376068 0.274678 0.128205 0.300429
0 0.198718 0.135193 0.337607 0.115880
0 0.476496 0.281116 0.115385 0.227468
0 0.480769 0.437768 0.226496 0.171674
0 0.698718 0.587983 0.329060 0.180258
0 0.811966 0.785408 0.247863 0.283262
0 0.792735 0.881974 0.183761 0.236052
0 0.664530 0.414163 0.260684 0.364807
0 0.713675 0.364807 0.213675 0.180258
0 0.863248 0.497854 0.136752 0.206009
0 0.829060 0.349785 0.230769 0.115880
0 0.636752 0.115880 0.162393 0.223176
0 0.955128 0.532189 0.081197 0.197425
