0 0.320413 0.218136 0.457408 0.155995
0 0.201348 0.493120 0.096573 0.424261
0 0.297777 0.694545 0.304466 0.116956
0 0.462258 0.510647 0.397509 0.141268
0 0.731838 0.417688 0.200947 0.123367
0 0.799839 0.151061 0.392144 0.209855
0 0.906925 0.351672 0.182929 0.387183
0 0.862340 0.658234 0.272100 0.199321
0 0.858124 0.864836 0.273210 0.229394
0 0.785427 0.897317 0.139812 0.156708
0 0.393030 0.795051 0.308515 0.152045
0 0.202043 0.942834 0.097734 0.078739
0 0.572380 0.939912 0.151989 0.081779
0 0.414189 0.919136 0.092675 0.102101